1	2017 K3	1	1	24200000	19.1
2	2017 SM7	2	1	38200000	10.2
3	2017 SM3	2	1	20950000	17.5
4	2017 쏘나타	3	1	31900000	16.8
5	2017 K7 하이브리드	1	2	38800000	16.2
6	2017 K5 플러그인 하이브리드	1	2	39600000	16.4
7	2017 쏘나타 하이브리드	3	2	33300000	18.2
8	2017 쏘나타 플러그인 하이브리드	3	2	38930000	17.2
9	2017 트랙스	4	3	25800000	14.7
10	2017 올란도	4	3	29160000	13.5
11	2017 스포티지	1	3	30900000	15
12	2017 쏘렌토	1	3	36550000	13.5
13	2017 싼타페	3	3	37650000	13.8
14	2017 코란도 투리스모	5	3	50540000	10.6
15	2017 카렌스	1	3	24600000	14.9
16	2017 카니발	1	3	37050000	11.5